20161030_GF2_00056.png:[490, 416, 614, 468]
20161029_NTU_00087.png:[503, 1165, 551, 1264]
20160331_NTU_00063.png:[315, 1169, 406, 1259]
20161030_GF1_00020.png:[531, 732, 644, 779]
20160524_GF1_00127.png:[117, 844, 202, 884]
20160524_GF2_00022.png:[466, 415, 545, 463]
20160524_GF1_00142.png:[309, 875, 395, 913]
20160524_GF1_00045.png:[675, 399, 719, 475]
20160331_NTU_00047.png:[160, 772, 217, 887]
20160524_GF2_00072.png:[355, 626, 390, 700]
20160524_GF2_00055.png:[52, 551, 106, 627]
20161030_GF2_00141.png:[349, 834, 444, 873]
